{"columns":[288,396,525,615,626,643,656,660,661,662,663,664,666,667,671,680,686,695,705,708,713,724,747,748,749,750,752,754,755,757,758,764,765,766,768,771,772,773,778,779,787,788,789,790,807,846,850,926,1430,1479,1481,1488,1515,1538,1546,1549,1550,1560,1567,1571,1572,1573,1583,1584,1585,1599,1604,1612,1616,1621,1623,1629,1631,1635,1639,1642,1645,1646,1655,1667,1669,1672,1673,1680,1682,1685,1686,1687,1688,1689,1697,1698,1701,1702,1708,1709,1711,1712,1722,1724,1725,1726,1728,1734,1735,1736,1737,1776,1779,1782,1783,1787,1795,1799,1808,1825,1831,1832,1844,1845],"index":[288,396,525,615,626,643,656,660,661,662,663,664,666,667,671,680,686,695,705,708,713,724,747,748,749,750,752,754,755,757,758,764,765,766,768,771,772,773,778,779,787,788,789,790,807,846,850,926,1430,1479,1481,1488,1515,1538,1546,1549,1550,1560,1567,1571,1572,1573,1583,1584,1585,1599,1604,1612,1616,1621,1623,1629,1631,1635,1639,1642,1645,1646,1655,1667,1669,1672,1673,1680,1682,1685,1686,1687,1688,1689,1697,1698,1701,1702,1708,1709,1711,1712,1722,1724,1725,1726,1728,1734,1735,1736,1737,1776,1779,1782,1783,1787,1795,1799,1808,1825,1831,1832,1844,1845],"data":[[1.0,0.0,0.0,0.0,0.0,0.0,0.0,0.0,0.0,0.0,0.0,0.0,0.0,0.0,0.0,0.0,0.0,0.0,0.0,0.0,0.0,0.0,0.0,0.0,0.0,0.0,0.0,0.0133856781,0.0,0.0,0.0,0.0,0.0103623056,0.0,0.0106163252,0.0,0.0017474294,0.0,0.0,0.0,0.0,0.0,0.0,0.0,0.0324601026,0.0,0.0,0.0,0.0019472144,0.0017246295,0.0,0.0,0.0,0.0,0.0,0.0,0.0,0.0,0.0,0.0,0.0,0.0,0.0,0.0,0.0,0.0,0.0,0.0,0.0,0.0,0.0,0.0,0.0,0.0,0.0,0.0,0.0,0.0,0.0,0.0,0.0,0.0,0.0,0.0,0.0,0.0,0.0,0.0,0.0,0.0,0.0,0.0,0.0,0.0,0.0,0.0,0.0,0.0,0.0,0.0,0.0,0.0,0.0,0.0,0.0,0.0,0.0,0.0,0.0,0.0,0.0,0.0,0.0,0.0,0.0,0.0,0.0,0.0,0.0,0.0],[0.0,1.0,0.0,0.0,0.0,0.0,0.0,0.0,0.0,0.0,0.0,0.3688083539,0.0,0.0,0.0,0.0,0.9496561391,0.7956540999,0.0,0.0,0.0,0.0,0.0,0.0,0.0,0.0,0.0,0.0,0.0,0.0,0.0,0.0,0.0,0.0,0.0,0.0,0.0,0.0,0.0,0.0,0.0,0.0,0.0,0.0,0.0,0.0,0.0,0.0,0.0004504612,0.0,0.0003173,0.0,0.0,0.0,0.0,0.0003379189,0.0,0.0354848778,0.0,0.0,0.0,0.0,0.0,0.0,0.0,0.0,0.0,0.0,0.0,0.0,0.0,0.0,0.0,0.0,0.0,0.0,0.0,0.0,0.0,0.0,0.0,0.0,0.0,0.0,0.0,0.0,0.0,0.0,0.0,0.0,0.0,0.0,0.0,0.0,0.0,0.0,0.0,0.0,0.0,0.0,0.0,0.0,0.0,0.0,0.0,0.0,0.0,0.0,0.0,0.0,0.0,0.0,0.0,0.0,0.0,0.0,0.0,0.0,0.0,0.0],[0.0,0.0,1.0,0.0,0.0,0.0,0.0,0.0,0.0,0.0,0.0,0.0131036191,0.0,0.0,0.0,0.0,0.0,0.0,0.0,0.0,0.0,0.0,0.0,0.0,0.0,0.0,0.0,0.0,0.0,0.0,0.0,0.0,0.0111874793,0.0,0.0,0.0,0.0113919987,0.0,0.0,0.0,0.0,0.0,0.0,0.0,0.0350449737,0.0,0.0,0.0,0.0,0.0,0.0,0.0,0.0,0.0,0.0,0.0,0.0,0.0,0.0,0.0,0.0,0.0,0.0,0.0,0.0,0.0,0.0,0.0,0.0,0.0,0.0,0.0,0.0,0.0,0.0,0.0,0.0,0.0,0.0,0.0,0.0,0.0,0.0,0.0,0.0,0.0,0.0,0.0,0.0,0.0,0.0,0.0,0.0,0.0,0.0,0.0,0.0,0.0,0.0,0.0,0.0,0.0,0.0,0.0,0.0,0.0,0.0,0.0,0.0,0.0,0.0,0.0,0.0,0.0,0.0,0.0,0.0,0.0,0.0,0.0],[0.0,0.0,0.0,1.0,0.0,0.0,0.0,0.0,0.0,0.0,0.0,0.2726157781,0.2453906219,0.0,0.0,0.0,0.0,0.0,0.0,0.0,0.0,0.0,0.3107842677,0.0,0.4441080811,0.0,0.0,0.3006602083,0.0,0.2372350058,0.0,0.0,0.2327512228,0.0,0.2384568439,0.5992084797,0.2370061712,0.0,0.0,0.2343167881,0.0,0.0,0.3264990081,0.0,0.0,0.0,0.0,0.0,0.0,0.2339137934,0.0,0.0,0.0,0.0,0.0,0.0,0.0,0.0,0.0,0.0,0.0,0.0,0.0,0.0,0.0,0.0,0.0,0.1775135796,0.0,0.0,0.0,0.0,0.0,0.0,0.0,0.0,0.0,0.0,0.0,0.0,0.0,0.0,0.0,0.0,0.0,0.0,0.0,0.0,0.0,0.0,0.0,0.0,0.0,0.0,0.0,0.0,0.0,0.0,0.0,0.0,0.0,0.0,0.0,0.0,0.0,0.0,0.0,0.0,0.0,0.0,0.0,0.0,0.0,0.0,0.0,0.0,0.0,0.0,0.0,0.0],[0.0,0.0,0.0,0.0,1.0,0.6476605574,0.0,0.6476595031,0.0,0.1975546149,0.0,0.3479766731,0.405270619,0.5564100127,0.5661022357,0.1977522011,0.0612322541,0.0,0.0,0.2334583871,0.4127996773,0.0,0.0318298136,0.0278473153,0.0067451857,0.4709323153,0.0,0.6263705121,0.0,0.401657297,0.1977522011,0.0306621481,0.3218083069,0.0,0.3504975401,0.4787480863,0.009846437,0.4239840799,0.0,0.3204140596,0.0,0.0,0.4279443367,0.116785847,0.2734487322,0.4881485313,0.5652026799,0.4407530058,0.1140356586,0.3198629886,0.1415214069,0.0,0.0,0.0,0.0,0.000657077,0.0022819618,0.0,0.0,0.0,0.0,0.0,0.2386312283,0.0,0.0,0.0,0.0,0.166091519,0.0,0.0,0.2322074766,0.0,0.1667169443,0.2898074285,0.0,0.0,0.2381906297,0.0,0.0,0.0,0.0,0.0,0.0,0.2185831231,0.0,0.0,0.0,0.0,0.0,0.0,0.0,0.0,0.0,0.0,0.2322074766,0.0,0.0,0.0,0.0,0.0,0.0,0.0,0.0,0.0,0.0,0.1825303036,0.0,0.0,0.1812254645,0.0,0.0,0.0,0.0,0.0,0.1966779391,0.0,0.0,0.0,0.0,0.0],[0.0,0.0,0.0,0.0,0.6476605574,1.0,0.0,0.9999983721,0.0,0.0,0.0,0.0,0.3545082834,0.0,0.0,0.0,0.0,0.0,0.0,0.0,0.0,0.0,0.0,0.0,0.0,0.0,0.0,0.4343545549,0.0,0.3427261158,0.0,0.0,0.3362485323,0.0,0.3444912676,0.0,0.0,0.0,0.0,0.3385102564,0.0,0.0,0.4716830742,0.0,0.0,0.4270052893,0.0,0.6781271622,0.0,0.3379280623,0.0,0.0,0.0,0.0,0.0,0.0,0.0,0.0,0.0,0.0,0.0,0.0,0.3684510745,0.0,0.0,0.0,0.0,0.2564484082,0.0,0.0,0.3585326819,0.0,0.2565048606,0.3194276616,0.0,0.0,0.3677707821,0.0,0.0,0.0,0.0,0.0,0.0,0.3374964256,0.0,0.0,0.0,0.0,0.0,0.0,0.0,0.0,0.0,0.0,0.3585326819,0.0,0.0,0.0,0.0,0.0,0.0,0.0,0.0,0.0,0.0,0.2818301988,0.0,0.0,0.2798155029,0.0,0.0,0.0,0.0,0.0,0.3036744122,0.0,0.0,0.0,0.0,0.0],[0.0,0.0,0.0,0.0,0.0,0.0,1.0,0.0,0.0,0.0,0.0,0.7586937926,0.6829257752,0.0,0.0,0.0,0.0,0.0,0.0,0.9075831114,0.0,0.0,0.8649172706,0.0,0.0,0.0,0.0,0.0,0.0,0.6602285737,0.0,0.9782604394,0.6477501383,0.0,0.6636289672,0.0,0.0,0.0,0.0,0.6521071301,0.0,0.0,0.0,0.0,0.0,0.8225842154,0.0,0.0,0.7350033818,0.6509855897,0.5177284357,1.0,0.8112264265,0.0,0.9204248241,0.5513716958,0.0,0.0,1.0,0.0,0.0,0.0,0.709785208,0.0,0.0,0.8875424277,0.0,0.49402295,0.0,0.0,0.6906783879,0.0,0.4941317,0.0,0.0,0.0,0.7084746908,0.0,0.0,0.0,0.0,0.0,0.7631840334,0.6501540835,0.0,0.6073353194,0.0,0.0,0.0,0.0,1.0,0.0,0.0,0.0,0.6906783879,0.0,0.0,0.0,0.0,0.0,0.0,0.0,0.5612675313,0.0,0.0,0.5429185043,0.0,0.0,0.5390373883,0.0,0.0,0.0,0.0,0.0,0.5849992598,0.0,0.0,0.0,0.0,0.0],[0.0,0.0,0.0,0.0,0.6476595031,0.9999983721,0.0,1.0,0.0,0.0,0.0,0.0000012822,0.3545077063,0.0,0.0,0.0,0.0,0.0,0.0,0.0,0.0,0.0,0.0,0.0,0.0,0.0,0.0,0.4343538478,0.0,0.3427255579,0.0,0.0,0.336247985,0.0,0.3444918284,0.0,0.0,0.0,0.0,0.3385097054,0.0,0.0,0.4716823063,0.0,0.0,0.4270045942,0.0,0.6781260583,0.0,0.3379275122,0.0,0.0,0.0,0.0,0.0,0.0,0.0,0.0,0.0,0.0,0.0,0.0,0.3684504747,0.0,0.0,0.0,0.0,0.2564479908,0.0,0.0,0.3585320982,0.0,0.256504443,0.3194271417,0.0,0.0,0.3677701835,0.0,0.0,0.0,0.0,0.0,0.0,0.3374958762,0.0,0.0,0.0,0.0,0.0,0.0,0.0,0.0,0.0,0.0,0.3585320982,0.0,0.0,0.0,0.0,0.0,0.0,0.0,0.0,0.0,0.0,0.28182974,0.0,0.0,0.2798150474,0.0,0.0,0.0,0.0,0.0,0.3036739179,0.0,0.0,0.0,0.0,0.0],[0.0,0.0,0.0,0.0,0.0,0.0,0.0,0.0,1.0,0.0,0.9675527953,0.0033108774,0.0,0.0,0.0,0.0,0.0,0.0,0.0,0.0,0.0640565059,0.0,0.0,0.0,0.0,0.0,0.0,0.0036514728,0.0,0.0422490112,0.0,0.0,0.0414504975,0.0,0.0453626298,0.0,0.0028784041,0.0,0.0,0.0,0.0,0.0,0.0581459731,0.0,0.0,0.0,0.0,0.0,0.0,0.0416575389,0.0,0.0,0.0,0.0,0.0,0.0,0.0,0.0,0.0,0.0,0.0,0.0,0.0,0.0,0.0,0.0,0.0,0.0,0.0,0.0,0.0,0.0,0.0,0.0,0.0,0.0,0.0,0.0,0.0,0.0,0.0,0.0,0.0,0.0,0.0,0.0,0.0,0.0,0.0,0.0,0.0,0.0,0.0,0.0,0.0,0.0,0.0,0.0,0.0,0.0,0.0,0.0,0.0,0.0,0.0,0.0,0.0,0.0,0.0,0.0,0.0,0.0,0.0,0.0,0.0,0.0,0.0,0.0,0.0,0.0],[0.0,0.0,0.0,0.0,0.1975546149,0.0,0.0,0.0,0.0,1.0,0.0,0.1203725436,0.0,0.0,0.0,0.9990008393,0.3093319464,0.0,0.0,0.0,0.0,0.0,0.1369516226,0.0,0.0,0.1680497781,0.0,0.0,0.0,0.0,0.9990008393,0.1548984614,0.0002016841,0.0,0.105286116,0.0,0.0000036473,0.0,0.0,0.0,0.0,0.0,0.0,0.0,0.0,0.0,0.0,0.0,0.0,0.0,0.0,0.0,0.0,0.0,0.0,0.0,0.0,0.0,0.0,0.0,0.0,0.0,0.0,0.0,0.0,0.0,0.0,0.0,0.0,0.0,0.0,0.0,0.0,0.0,0.0,0.0,0.0,0.0,0.0,0.0,0.0,0.0,0.0,0.0,0.0,0.0,0.0,0.0,0.0,0.0,0.0,0.0,0.0,0.0,0.0,0.0,0.0,0.0,0.0,0.0,0.0,0.0,0.0,0.0,0.0,0.0,0.0,0.0,0.0,0.0,0.0,0.0,0.0,0.0,0.0,0.0,0.0,0.0,0.0,0.0],[0.0,0.0,0.0,0.0,0.0,0.0,0.0,0.0,0.9675527953,0.0,1.0,0.0,0.0,0.0,0.0,0.0,0.0,0.0,0.0,0.0,0.0662046621,0.0,0.0,0.0,0.0,0.0,0.0,0.0,0.0,0.0436658459,0.0,0.0,0.0428405538,0.0,0.0438907393,0.0,0.0,0.0,0.0,0.0,0.0,0.0,0.0600959176,0.0,0.0,0.0,0.0,0.0,0.0,0.0430545383,0.0,0.0,0.0,0.0,0.0,0.0,0.0,0.0,0.0,0.0,0.0,0.0,0.0,0.0,0.0,0.0,0.0,0.0,0.0,0.0,0.0,0.0,0.0,0.0,0.0,0.0,0.0,0.0,0.0,0.0,0.0,0.0,0.0,0.0,0.0,0.0,0.0,0.0,0.0,0.0,0.0,0.0,0.0,0.0,0.0,0.0,0.0,0.0,0.0,0.0,0.0,0.0,0.0,0.0,0.0,0.0,0.0,0.0,0.0,0.0,0.0,0.0,0.0,0.0,0.0,0.0,0.0,0.0,0.0,0.0],[0.0,0.3688083539,0.0131036191,0.2726157781,0.3479766731,0.0,0.7586937926,0.0000012822,0.0033108774,0.1203725436,0.0,1.0,0.6920073872,0.3383505612,0.3442443608,0.1202522721,0.3883598901,0.2938138423,0.0,0.8305427247,0.2512482736,0.0,0.7574172745,0.016933834,0.1254531293,0.2866128371,0.0,0.2895831736,0.0,0.6751767581,0.1202522721,0.7608456447,0.6174569561,0.0,0.6448904186,0.4549204874,0.0712726621,0.2578248002,0.0,0.618431257,0.0,0.0,0.1636780671,0.0710169766,0.1682167096,0.7527589782,0.3436973447,0.0009466774,0.6247142253,0.6175447308,0.478597901,0.7586937926,0.6154724542,0.0,0.6983206006,0.418322283,0.0,0.0,0.7586937926,0.0,0.0,0.0,0.5385096314,0.0001643718,0.0,0.6733729306,0.0,0.4232051482,0.0,0.0,0.5240134056,0.0,0.3748946535,0.0504273923,0.0,0.0,0.5375153502,0.0,0.0,0.0,0.0,0.0,0.5790229888,0.4932678674,0.0,0.4607815368,0.0,0.0,0.0,0.0,0.7586937926,0.0,0.0,0.0,0.5240134056,0.0,0.0,0.0,0.0,0.0,0.0,0.0,0.425830192,0.0,0.0,0.4119088991,0.0,0.0,0.4089643205,0.0,0.0,0.0,0.0,0.0,0.4438353071,0.0,0.0,0.0,0.0,0.0],[0.0,0.0,0.0,0.2453906219,0.405270619,0.3545082834,0.6829257752,0.3545077063,0.0,0.0,0.0,0.6920073872,1.0,0.3045607089,0.3098659159,0.0,0.0,0.0,0.0451669813,0.7475994131,0.4997626212,0.4922530164,0.6669378423,0.4846906556,0.5483244384,0.5291761814,0.0747013027,0.6426344699,0.0747013027,0.9647921108,0.0,0.6760727755,0.8567351661,0.0737871703,0.8747382304,0.3821784598,0.0585893467,0.0084609367,0.0,0.8542226816,0.0,0.0,0.5697395415,0.0233697967,0.0044299961,0.830219888,0.3093735284,0.2404016962,0.7638694435,0.8537501478,0.6101645126,0.6829257752,0.8418435999,0.0,0.6285818365,0.572181475,0.0,0.0,0.6829257752,0.0,0.0,0.0,0.8671927616,0.0,0.0,0.6061256005,0.0,0.647141535,0.0,0.0,0.8438486628,0.0,0.6037142346,0.3315745241,0.0,0.4922530164,0.8655916139,0.0,0.0,0.484044026,0.0,0.0,0.5211980477,0.7943373696,0.0,0.4147649438,0.0,0.0,0.0,0.0,0.6829257752,0.0,0.0,0.0,0.8438486628,0.0,0.0,0.0,0.0,0.0,0.0,0.0,0.5824507975,0.0,0.0,0.6633203845,0.0,0.0,0.6585785616,0.0,0.0,0.0,0.0,0.0,0.5071661676,0.0,0.0,0.0,0.0,0.0],[0.0,0.0,0.0,0.0,0.5564100127,0.0,0.0,0.0,0.0,0.0,0.0,0.3383505612,0.3045607089,1.0,0.9814590081,0.0,0.0,0.0267448653,0.0,0.4195797734,0.4627742126,0.0,0.0,0.0,0.0,0.4906518817,0.0,0.3731572359,0.0,0.305226653,0.0,0.0159847121,0.0,0.0,0.0,0.7436932918,0.0,0.0,0.0,0.0,0.0,0.0,0.0,0.0,0.0,0.366843427,0.9798994362,0.0,0.0,0.0,0.2308885462,0.0,0.0,0.0,0.0,0.0,0.0,0.0,0.0,0.0,0.0,0.0,0.0,0.0,0.0,0.0,0.0,0.0,0.0,0.0,0.0,0.0,0.0,0.0,0.0,0.0,0.0,0.0,0.0,0.0,0.0,0.0,0.0,0.0,0.0,0.0,0.0,0.0,0.0,0.0,0.0,0.0,0.0,0.0,0.0,0.0,0.0,0.0,0.0,0.0,0.0,0.0,0.0,0.0,0.0,0.0,0.0,0.0,0.0,0.0,0.0,0.0,0.0,0.0,0.0,0.0,0.0,0.0,0.0,0.0],[0.0,0.0,0.0,0.0,0.5661022357,0.0,0.0,0.0,0.0,0.0,0.0,0.3442443608,0.3098659159,0.9814590081,1.0,0.0,0.0,0.0,0.0,0.4123961581,0.4548510663,0.0,0.0,0.0,0.0,0.4815547092,0.0,0.3796573402,0.0,0.2995674481,0.0,0.0,0.0,0.0059281511,0.0,0.7566478416,0.0,0.0,0.0,0.0,0.0,0.0,0.0005965113,0.0,0.0,0.3732335498,0.9969685104,0.0,0.0,0.0,0.2349104423,0.0,0.0,0.0,0.0,0.0,0.0,0.0,0.0,0.0,0.0,0.0,0.0,0.0,0.0,0.0,0.0,0.0,0.0,0.0,0.0,0.0,0.0,0.0,0.0,0.0,0.0,0.0,0.0,0.0,0.0,0.0,0.0,0.0,0.0,0.0,0.0,0.0,0.0,0.0,0.0,0.0,0.0,0.0,0.0,0.0,0.0,0.0,0.0,0.0,0.0,0.0,0.0,0.0,0.0,0.0,0.0,0.0,0.0,0.0,0.0,0.0,0.0,0.0,0.0,0.0,0.0,0.0,0.0,0.0],[0.0,0.0,0.0,0.0,0.1977522011,0.0,0.0,0.0,0.0,0.9990008393,0.0,0.1202522721,0.0,0.0,0.0,1.0,0.3096413278,0.0,0.0,0.0,0.0,0.0,0.1370885961,0.0,0.0,0.1682178548,0.0,0.0,0.0,0.0,1.0,0.1550533847,0.0,0.0,0.1051845842,0.0,0.0,0.0,0.0,0.0,0.0,0.0,0.0,0.0,0.0,0.0,0.0,0.0,0.0,0.0,0.0,0.0,0.0,0.0,0.0,0.0,0.0,0.0,0.0,0.0,0.0,0.0,0.0,0.0,0.0,0.0,0.0,0.0,0.0,0.0,0.0,0.0,0.0,0.0,0.0,0.0,0.0,0.0,0.0,0.0,0.0,0.0,0.0,0.0,0.0,0.0,0.0,0.0,0.0,0.0,0.0,0.0,0.0,0.0,0.0,0.0,0.0,0.0,0.0,0.0,0.0,0.0,0.0,0.0,0.0,0.0,0.0,0.0,0.0,0.0,0.0,0.0,0.0,0.0,0.0,0.0,0.0,0.0,0.0,0.0],[0.0,0.9496561391,0.0,0.0,0.0612322541,0.0,0.0,0.0,0.0,0.3093319464,0.0,0.3883598901,0.0,0.0,0.0,0.3096413278,1.0,0.7565504311,0.0,0.0,0.0005833412,0.0,0.0424482949,0.0,0.0,0.0520871999,0.0,0.0,0.0,0.0,0.3096413278,0.0480109359,0.0003774758,0.0,0.0325694943,0.0,0.0003843765,0.0,0.0,0.0,0.0,0.0,0.0,0.0,0.0,0.0,0.0,0.0,0.0,0.0,0.0,0.0,0.0,0.0,0.0,0.0,0.0,0.0,0.0,0.0,0.0,0.0,0.0,0.0,0.0,0.0,0.0,0.0,0.0,0.0,0.0,0.0,0.0,0.0,0.0,0.0,0.0,0.0,0.0,0.0,0.0,0.0,0.0,0.0,0.0,0.0,0.0,0.0,0.0,0.0,0.0,0.0,0.0,0.0,0.0,0.0,0.0,0.0,0.0,0.0,0.0,0.0,0.0,0.0,0.0,0.0,0.0,0.0,0.0,0.0,0.0,0.0,0.0,0.0,0.0,0.0,0.0,0.0,0.0,0.0],[0.0,0.7956540999,0.0,0.0,0.0,0.0,0.0,0.0,0.0,0.0,0.0,0.2938138423,0.0,0.0267448653,0.0,0.0,0.7565504311,1.0,0.0,0.0112216045,0.223920493,0.0,0.0,0.0,0.0,0.0131224185,0.0,0.0,0.0,0.1476886584,0.0,0.0120954782,0.1368883581,0.0,0.0,0.0,0.1393908278,0.0,0.0,0.1378091166,0.5881316387,0.5881316387,0.0,0.0,0.4288051645,0.0,0.0,0.0,0.0,0.1375721026,0.0,0.0,0.0,0.0,0.0,0.0,0.0,0.0,0.0,0.0,0.0,0.0,0.0,0.1534865183,0.0,0.0,0.0,0.0,0.0,0.0,0.1459603401,0.0,0.1044243345,0.0,0.0,0.0,0.0,0.0,0.0,0.0,0.0,0.0,0.0,0.1373963813,0.0,0.0,0.0,0.0,0.0,0.0,0.0,0.0,0.0,0.0,0.1459603401,0.0,0.0,0.0,0.0,0.0,0.0,0.0,0.0,0.0,0.0,0.1147343987,0.0,0.0,0.0,0.0,0.0,0.0,0.0,0.1486632509,0.0,0.0,0.0,0.0,0.0,0.0],[0.0,0.0,0.0,0.0,0.0,0.0,0.0,0.0,0.0,0.0,0.0,0.0,0.0451669813,0.0,0.0,0.0,0.0,0.0,1.0,0.0,0.0662046621,0.0,0.0,0.0,0.0,0.0701928525,0.0,0.0,0.0,0.0,0.0,0.0,0.0428405538,0.0,0.0,0.0,0.0,0.1873257068,0.0,0.0,0.0,0.0,0.0,0.5174088679,0.0,0.0,0.0,0.0,0.0,0.0,0.0,0.0,0.0,0.0,0.0,0.0,0.0,0.0,0.0,0.0,0.0,0.0,0.0,0.0,0.0,0.0,0.0,0.0,0.0,0.0,0.0,0.0,0.0,0.0,0.0,0.0,0.0,0.0,0.0,0.0,0.0,0.0,0.0,0.0,0.0,0.0,0.0,0.0,0.0,0.0,0.0,0.0,0.0,0.0,0.0,0.0,0.0,0.0,0.0,0.0,0.0,0.0,0.0,0.0,0.0,0.0,0.0,0.0,0.0,0.0,0.0,0.0,0.0,0.0,0.0,0.0,0.0,0.0,0.0,0.0],[0.0,0.0,0.0,0.0,0.2334583871,0.0,0.9075831114,0.0,0.0,0.0,0.0,0.8305427247,0.7475994131,0.4195797734,0.4123961581,0.0,0.0,0.0112216045,0.0,1.0,0.194441704,0.0,0.7849843076,0.0,0.0,0.2058676054,0.0,0.1565692285,0.0,0.727279233,0.0,0.8945595152,0.5878870859,0.0024447467,0.6022984428,0.3120386629,0.0,0.0,0.0,0.5918414181,0.0,0.0,0.000245999,0.0,0.0,0.9004836236,0.4111459834,0.0,0.6670766561,0.5908235269,0.5667577485,0.9075831114,0.7362554042,0.0,0.8353620256,0.5004156392,0.0,0.0,0.9075831114,0.0,0.0,0.0,0.6441890675,0.0,0.0,0.805518518,0.0,0.4483668861,0.0,0.0,0.6268480403,0.0,0.4484655857,0.0,0.0,0.0,0.6429996642,0.0,0.0,0.0,0.0,0.0,0.6926529396,0.5900688659,0.0,0.5512072788,0.0,0.0,0.0,0.0,0.9075831114,0.0,0.0,0.0,0.6268480403,0.0,0.0,0.0,0.0,0.0,0.0,0.0,0.5093969324,0.0,0.0,0.4927436653,0.0,0.0,0.48922123,0.0,0.0,0.0,0.0,0.0,0.5309354483,0.0,0.0,0.0,0.0,0.0],[0.0,0.0,0.0,0.0,0.4127996773,0.0,0.0,0.0,0.0640565059,0.0,0.0662046621,0.2512482736,0.4997626212,0.4627742126,0.4548510663,0.0,0.0005833412,0.223920493,0.0662046621,0.194441704,1.0,0.7215324937,0.0,0.7327901669,0.6493922313,0.903079726,0.0,0.6985824496,0.0,0.5817777209,0.0,0.0076894216,0.5074844523,0.0026964259,0.4229044455,0.3641351026,0.0941732988,0.3194941081,0.0172888355,0.4939375157,0.3596876025,0.3596876025,0.5750690491,0.0342548793,0.4835818991,0.1697656781,0.45347219,0.0,0.4705356574,0.5037353136,0.3761098561,0.0,0.4219032449,0.0,0.0,0.2867578027,0.0,0.0,0.0,0.0,0.0,0.0,0.3691456203,0.0938687773,0.0,0.0,0.0,0.2569318243,0.0,0.0,0.4484744731,0.0,0.3208518722,0.3865633915,0.0,0.7215324937,0.3684640456,0.0,0.0,0.7094999552,0.0,0.0,0.0,0.422161045,0.0,0.0,0.0,0.0,0.0,0.0,0.0,0.0,0.0,0.0,0.4484744731,0.0,0.0,0.0,0.0,0.0,0.0,0.0,0.2919044363,0.0,0.0,0.3525303447,0.0,0.0,0.2803429669,0.0,0.0,0.0,0.0,0.0909189793,0.0,0.0,0.0,0.0,0.0,0.0],[0.0,0.0,0.0,0.0,0.0,0.0,0.0,0.0,0.0,0.0,0.0,0.0,0.4922530164,0.0,0.0,0.0,0.0,0.0,0.0,0.0,0.7215324937,1.0,0.0,0.9846372484,0.8908797772,0.7649978459,0.0,0.6031236782,0.0,0.4758928697,0.0,0.0,0.4668984113,0.0,0.4783438739,0.0,0.0,0.0,0.0,0.4700389317,0.0,0.0,0.6549562505,0.0,0.0,0.0,0.0,0.0,0.5297905642,0.4692305252,0.3731787457,0.0,0.584732148,0.0,0.0,0.3974288133,0.0,0.0,0.0,0.0,0.0,0.0,0.5116133002,0.0,0.0,0.0,0.0,0.3560918275,0.0,0.0,0.497841101,0.0,0.3561702145,0.4435417657,0.0,1.0,0.5106686792,0.0,0.0,0.9833236361,0.0,0.0,0.0,0.4686311754,0.0,0.0,0.0,0.0,0.0,0.0,0.0,0.0,0.0,0.0,0.497841101,0.0,0.0,0.0,0.0,0.0,0.0,0.0,0.4045617333,0.0,0.0,0.3913357514,0.0,0.0,0.3885382423,0.0,0.0,0.0,0.0,0.0,0.0,0.0,0.0,0.0,0.0,0.0],[0.0,0.0,0.0,0.3107842677,0.0318298136,0.0,0.8649172706,0.0,0.0,0.1369516226,0.0,0.7574172745,0.6669378423,0.0,0.0,0.1370885961,0.0424482949,0.0,0.0,0.7849843076,0.0,0.0,1.0,0.0,0.1380218047,0.0230615549,0.0,0.225529959,0.0,0.6447720035,0.1370885961,0.8673704,0.7348406408,0.0,0.7672739974,0.1862245685,0.0736577893,0.0,0.0,0.7397834335,0.0,0.0,0.2414743568,0.0,0.0,0.7114672945,0.0000016673,0.0,0.7517460054,0.7385111011,0.4477922656,0.8649172706,0.7016437467,0.0,0.9379089236,0.4768909023,0.0,0.0,0.8649172706,0.0,0.0,0.0,0.7232680638,0.0,0.0,0.7676507742,0.0,0.5585756819,0.0,0.0,0.7037982966,0.0,0.5035180699,0.0,0.0,0.0,0.7219326525,0.0,0.0,0.0,0.0,0.0,0.7776812365,0.6625042053,0.0,0.5252948068,0.0,0.0,0.0,0.0,0.8649172706,0.0,0.0,0.0,0.7037982966,0.0,0.0,0.0,0.0,0.0,0.0,0.0,0.5719291923,0.0,0.0,0.4695795909,0.0,0.0,0.5492767724,0.0,0.0,0.0,0.0,0.1083893032,0.5961117211,0.0,0.0,0.0,0.0,0.0],[0.0,0.0,0.0,0.0,0.0278473153,0.0,0.0,0.0,0.0,0.0,0.0,0.016933834,0.4846906556,0.0,0.0,0.0,0.0,0.0,0.0,0.0,0.7327901669,0.9846372484,0.0,1.0,0.8845785864,0.7595870177,0.0,0.5938580389,0.0,0.4793729289,0.0,0.0,0.4741831695,0.0,0.4749605486,0.0272561315,0.0107806741,0.0,0.0,0.4628178404,0.0,0.0,0.6448943203,0.0,0.0,0.0,0.0,0.0,0.5336647608,0.4726618647,0.3674456933,0.0,0.5757490533,0.0,0.0,0.3913232132,0.0,0.0,0.0,0.0,0.0,0.0,0.5037535122,0.0,0.0,0.0,0.0,0.3506212772,0.0,0.0,0.4901928919,0.0,0.35069846,0.4367277437,0.0,0.9846372484,0.5028234032,0.0,0.0,0.9682170794,0.0,0.0,0.0,0.4614317111,0.0,0.0,0.0,0.0,0.0,0.0,0.0,0.0,0.0,0.0,0.4901928919,0.0,0.0,0.0,0.0,0.0,0.0,0.0,0.3983465519,0.0,0.0,0.3853237575,0.0,0.0,0.3825692258,0.0,0.0,0.0,0.0,0.0,0.0,0.0,0.0,0.0,0.0,0.0],[0.0,0.0,0.0,0.4441080811,0.0067451857,0.0,0.0,0.0,0.0,0.0,0.0,0.1254531293,0.5483244384,0.0,0.0,0.0,0.0,0.0,0.0,0.0,0.6493922313,0.8908797772,0.1380218047,0.8845785864,1.0,0.6876501911,0.0,0.6708363162,0.0,0.5303441598,0.0,0.0,0.5230577915,0.0,0.5358799349,0.2661151363,0.1060350316,0.0,0.0,0.5228101579,0.0,0.0,0.7288231313,0.0,0.0023954242,0.0,0.0,0.0,0.4719796998,0.5219109917,0.3326482757,0.0,0.5209260458,0.0,0.0,0.3540612927,0.0,0.0,0.0,0.0,0.0,0.0,0.4557859429,0.0002677718,0.0,0.0,0.0,0.3960702231,0.0,0.0,0.4435165692,0.0,0.3173048414,0.3951423894,0.0,0.8908797772,0.4549443992,0.0,0.0,0.8760231419,0.0,0.0,0.0,0.4174940371,0.0,0.0,0.0,0.0,0.0,0.0,0.0,0.0,0.0,0.0,0.4435165692,0.0,0.0,0.0,0.0,0.0,0.0,0.0,0.3604158668,0.0,0.0,0.348633107,0.0,0.0,0.3461408628,0.0,0.0,0.0,0.0,0.0,0.0,0.0,0.0,0.0,0.0,0.0],[0.0,0.0,0.0,0.0,0.4709323153,0.0,0.0,0.0,0.0,0.1680497781,0.0,0.2866128371,0.5291761814,0.4906518817,0.4815547092,0.1682178548,0.0520871999,0.0131224185,0.0701928525,0.2058676054,0.903079726,0.7649978459,0.0230615549,0.7595870177,0.6876501911,1.0,0.0,0.7510258027,0.0,0.5142357078,0.1682178548,0.0339256768,0.4378568998,0.0,0.4716306891,0.3860707197,0.0,0.3738108653,0.0,0.4426153484,0.0,0.0,0.6052054235,0.1356622526,0.232609088,0.1799924178,0.4807915482,0.0,0.4895473897,0.4335875236,0.4053412448,0.0,0.4473188336,0.0,0.0,0.3040321861,0.0,0.0,0.0,0.0,0.0,0.0,0.3913830726,0.0,0.0,0.0,0.0,0.272409481,0.0,0.0,0.3808473699,0.0,0.2724694469,0.409850096,0.0,0.7649978459,0.3906604396,0.0,0.0,0.7522404634,0.0,0.0,0.0,0.3585018397,0.0,0.0,0.0,0.0,0.0,0.0,0.0,0.0,0.0,0.0,0.3808473699,0.0,0.0,0.0,0.0,0.0,0.0,0.0,0.3094888545,0.0,0.0,0.2993710068,0.0,0.0,0.2972309184,0.0,0.0,0.0,0.0,0.0,0.0,0.0,0.0,0.0,0.0,0.0],[0.0,0.0,0.0,0.0,0.0,0.0,0.0,0.0,0.0,0.0,0.0,0.0,0.0747013027,0.0,0.0,0.0,0.0,0.0,0.0,0.0,0.0,0.0,0.0,0.0,0.0,0.0,1.0,0.0,1.0,0.072218587,0.0,0.1070062543,0.0708536431,0.9877628322,0.0725905364,0.0,0.0,0.0,0.0,0.0,0.0,0.0,0.0,0.0,0.0,0.0,0.0,0.0,0.0,0.0,0.0,0.0,0.0,0.0,0.0,0.0,0.0,0.0,0.0,0.0,0.0,0.0,0.0,0.0,0.0,0.0,0.0,0.0,0.0,0.0,0.0,0.0,0.0,0.0,0.0,0.0,0.0,0.0,0.0,0.0,0.0,0.0,0.0,0.0,0.0,0.0,0.0,0.0,0.0,0.0,0.0,0.0,0.0,0.0,0.0,0.0,0.0,0.0,0.0,0.0,0.0,0.0,0.0,0.0,0.0,0.0,0.0,0.0,0.0,0.0,0.0,0.0,0.0,0.0,0.0,0.0,0.0,0.0,0.0,0.0],[0.0133856781,0.0,0.0,0.3006602083,0.6263705121,0.4343545549,0.0,0.4343538478,0.0036514728,0.0,0.0,0.2895831736,0.6426344699,0.3731572359,0.3796573402,0.0,0.0,0.0,0.0,0.1565692285,0.6985824496,0.6031236782,0.225529959,0.5938580389,0.6708363162,0.7510258027,0.0,1.0,0.0,0.6214411512,0.0,0.0,0.6554189197,0.0,0.6782953273,0.4849522181,0.0714229575,0.2843455792,0.0,0.666192847,0.0,0.0,0.9156292805,0.078322609,0.1838952716,0.3273775678,0.3790540517,0.2945476217,0.4982079108,0.6583672287,0.3195707071,0.0,0.3526658039,0.0,0.1371977692,0.2396987277,0.0,0.0,0.0,0.0,0.0,0.0,0.5744044987,0.0,0.0,0.0,0.0,0.4531668724,0.0,0.0,0.5589420133,0.0,0.3998836102,0.4618703414,0.0,0.6031236782,0.5733439427,0.0,0.0,0.5930657683,0.0,0.0,0.1137595859,0.5261471022,0.0,0.0,0.0,0.0,0.0,0.0,0.0,0.0,0.0,0.0,0.5589420133,0.0,0.0,0.0,0.0,0.0,0.0,0.0,0.3276628384,0.0,0.0,0.3584380883,0.0,0.0,0.4362242229,0.0,0.0,0.0,0.0,0.1048584303,0.2191018739,0.0,0.0,0.0,0.0,0.0],[0.0,0.0,0.0,0.0,0.0,0.0,0.0,0.0,0.0,0.0,0.0,0.0,0.0747013027,0.0,0.0,0.0,0.0,0.0,0.0,0.0,0.0,0.0,0.0,0.0,0.0,0.0,1.0,0.0,1.0,0.072218587,0.0,0.1070062543,0.0708536431,0.9877628322,0.0725905364,0.0,0.0,0.0,0.0,0.0,0.0,0.0,0.0,0.0,0.0,0.0,0.0,0.0,0.0,0.0,0.0,0.0,0.0,0.0,0.0,0.0,0.0,0.0,0.0,0.0,0.0,0.0,0.0,0.0,0.0,0.0,0.0,0.0,0.0,0.0,0.0,0.0,0.0,0.0,0.0,0.0,0.0,0.0,0.0,0.0,0.0,0.0,0.0,0.0,0.0,0.0,0.0,0.0,0.0,0.0,0.0,0.0,0.0,0.0,0.0,0.0,0.0,0.0,0.0,0.0,0.0,0.0,0.0,0.0,0.0,0.0,0.0,0.0,0.0,0.0,0.0,0.0,0.0,0.0,0.0,0.0,0.0,0.0,0.0,0.0],[0.0,0.0,0.0,0.2372350058,0.401657297,0.3427261158,0.6602285737,0.3427255579,0.0422490112,0.0,0.0436658459,0.6751767581,0.9647921108,0.305226653,0.2995674481,0.0,0.0,0.1476886584,0.0,0.727279233,0.5817777209,0.4758928697,0.6447720035,0.4793729289,0.5303441598,0.5142357078,0.072218587,0.6214411512,0.072218587,1.0,0.0,0.6584822953,0.8890196458,0.0713348361,0.8479747165,0.3826500452,0.1182301853,0.0000016406,0.0,0.881420531,0.2372350058,0.2372350058,0.5534282506,0.0,0.1773163351,0.8026273314,0.2990914251,0.2324118883,0.7442878475,0.8878906191,0.589885549,0.6602285737,0.8138647264,0.0,0.6076907688,0.5531828699,0.0,0.0,0.6602285737,0.0,0.0,0.0,0.8383714028,0.0619119474,0.0,0.5859808712,0.0,0.6256336313,0.0,0.0,0.874679259,0.0,0.6257713529,0.3205545655,0.0,0.4758928697,0.8368234695,0.0,0.0,0.467956707,0.0,0.0,0.5038759059,0.8233590364,0.0,0.4009801317,0.0,0.0,0.0,0.0,0.6602285737,0.0,0.0,0.0,0.874679259,0.0,0.0,0.0,0.0,0.0,0.0,0.0,0.5630929059,0.0,0.0,0.6875552548,0.0,0.0,0.6366905456,0.0,0.0,0.0,0.0,0.0599663832,0.4903103787,0.0,0.0,0.0,0.0,0.0],[0.0,0.0,0.0,0.0,0.1977522011,0.0,0.0,0.0,0.0,0.9990008393,0.0,0.1202522721,0.0,0.0,0.0,1.0,0.3096413278,0.0,0.0,0.0,0.0,0.0,0.1370885961,0.0,0.0,0.1682178548,0.0,0.0,0.0,0.0,1.0,0.1550533847,0.0,0.0,0.1051845842,0.0,0.0,0.0,0.0,0.0,0.0,0.0,0.0,0.0,0.0,0.0,0.0,0.0,0.0,0.0,0.0,0.0,0.0,0.0,0.0,0.0,0.0,0.0,0.0,0.0,0.0,0.0,0.0,0.0,0.0,0.0,0.0,0.0,0.0,0.0,0.0,0.0,0.0,0.0,0.0,0.0,0.0,0.0,0.0,0.0,0.0,0.0,0.0,0.0,0.0,0.0,0.0,0.0,0.0,0.0,0.0,0.0,0.0,0.0,0.0,0.0,0.0,0.0,0.0,0.0,0.0,0.0,0.0,0.0,0.0,0.0,0.0,0.0,0.0,0.0,0.0,0.0,0.0,0.0,0.0,0.0,0.0,0.0,0.0,0.0],[0.0,0.0,0.0,0.0,0.0306621481,0.0,0.9782604394,0.0,0.0,0.1548984614,0.0,0.7608456447,0.6760727755,0.0159847121,0.0,0.1550533847,0.0480109359,0.0120954782,0.0,0.8945595152,0.0076894216,0.0,0.8673704,0.0,0.0,0.0339256768,0.1070062543,0.0,0.1070062543,0.6584822953,0.1550533847,1.0,0.6414391395,0.1056968008,0.6732788322,0.0,0.0,0.0008265208,0.016895818,0.6379306076,0.0,0.0,0.0,0.0,0.0,0.804701596,0.0,0.0,0.7190247312,0.636833449,0.506473247,0.9782604394,0.7935907204,0.0,0.9004151928,0.5393851174,0.0,0.0,0.9782604394,0.0,0.0,0.0,0.6943547894,0.0,0.0,0.8682476453,0.0,0.4832831081,0.0,0.0,0.6756633432,0.0,0.483389494,0.0,0.0,0.0,0.6930727623,0.0,0.0,0.0,0.0,0.0,0.7465927479,0.6360200193,0.0,0.5941321164,0.0,0.0,0.0,0.0,0.9782604394,0.0,0.0,0.0,0.6756633432,0.0,0.0,0.0,0.0,0.0,0.0,0.0,0.5490658218,0.0,0.0,0.5311156945,0.0,0.0,0.5273189523,0.0,0.0,0.0,0.0,0.0,0.5722816329,0.0,0.0,0.0,0.0,0.0],[0.0103623056,0.0,0.0111874793,0.2327512228,0.3218083069,0.3362485323,0.6477501383,0.336247985,0.0414504975,0.0002016841,0.0428405538,0.6174569561,0.8567351661,0.0,0.0,0.0,0.0003774758,0.1368883581,0.0428405538,0.5878870859,0.5074844523,0.4668984113,0.7348406408,0.4741831695,0.5230577915,0.4378568998,0.0708536431,0.6554189197,0.0708536431,0.8890196458,0.0,0.6414391395,1.0,0.0699865952,0.9599876361,0.1524442664,0.1160132003,0.2067423058,0.0111874793,0.9882638473,0.2327512228,0.2327512228,0.7125184735,0.0221660824,0.3179731951,0.6776034032,0.0013594582,0.228827508,0.8691625836,0.9949959811,0.5099155513,0.6477501383,0.7984825409,0.0,0.7024147345,0.5427452602,0.0,0.0,0.6477501383,0.0,0.0,0.0,0.9044293911,0.0607418008,0.0,0.5749057303,0.0,0.670815217,0.0,0.0,0.9378462532,0.0,0.6709628845,0.3575494321,0.0,0.4668984113,0.9027594912,0.0,0.0,0.4591122435,0.0,0.0,0.5824177012,0.8828198216,0.0,0.3934015371,0.0,0.0,0.0,0.0,0.6477501383,0.0,0.0,0.0,0.9378462532,0.0,0.0,0.0,0.0,0.0,0.0,0.0,0.6172159919,0.0,0.0,0.6745603404,0.0,0.0,0.6868574483,0.0,0.0,0.0,0.0,0.1400299709,0.5485475127,0.0,0.0,0.0,0.0,0.0],[0.0,0.0,0.0,0.0,0.0,0.0,0.0,0.0,0.0,0.0,0.0,0.0,0.0737871703,0.0,0.0059281511,0.0,0.0,0.0,0.0,0.0024447467,0.0026964259,0.0,0.0,0.0,0.0,0.0,0.9877628322,0.0,0.9877628322,0.0713348361,0.0,0.1056968008,0.0699865952,1.0,0.0717022338,0.0,0.0,0.0,0.0,0.0,0.0,0.0,0.002447625,0.0,0.0,0.0,0.0,0.0,0.0,0.0,0.0,0.0,0.0,0.0,0.0,0.0,0.0,0.0,0.0,0.0,0.0,0.0,0.0,0.0,0.0,0.0,0.0,0.0,0.0,0.0,0.0,0.0,0.0,0.0,0.0,0.0,0.0,0.0,0.0,0.0,0.0,0.0,0.0,0.0,0.0,0.0,0.0,0.0,0.0,0.0,0.0,0.0,0.0,0.0,0.0,0.0,0.0,0.0,0.0,0.0,0.0,0.0,0.0,0.0,0.0,0.0,0.0,0.0,0.0,0.0,0.0,0.0,0.0,0.0,0.0,0.0,0.0,0.0,0.0,0.0],[0.0106163252,0.0,0.0,0.2384568439,0.3504975401,0.3444912676,0.6636289672,0.3444918284,0.0453626298,0.105286116,0.0438907393,0.6448904186,0.8747382304,0.0,0.0,0.1051845842,0.0325694943,0.0,0.0,0.6022984428,0.4229044455,0.4783438739,0.7672739974,0.4749605486,0.5358799349,0.4716306891,0.0725905364,0.6782953273,0.0725905364,0.8479747165,0.1051845842,0.6732788322,0.9599876361,0.0717022338,1.0,0.156126588,0.056929467,0.2255175361,0.0,0.9616643347,0.0,0.0,0.7294090514,0.0621185033,0.1471366838,0.6929903067,0.0,0.2344369438,0.8833935807,0.9569077231,0.5261982519,0.6636289672,0.8180563964,0.0,0.7196336013,0.5560138672,0.0,0.0,0.6636289672,0.0,0.0,0.0,0.9266004084,0.0,0.0,0.5889988646,0.0,0.687259459,0.0,0.0,0.9016571057,0.0,0.6450721005,0.3663143338,0.0,0.4783438739,0.9248895729,0.0,0.0,0.4703668374,0.0,0.0,0.5966949826,0.8487540068,0.0,0.4030453107,0.0,0.0,0.0,0.0,0.6636289672,0.0,0.0,0.0,0.9016571057,0.0,0.0,0.0,0.0,0.0,0.0,0.0,0.6323463123,0.0,0.0,0.644577548,0.0,0.0,0.7036949467,0.0,0.0,0.0,0.0,0.0831643485,0.5619945065,0.0,0.0,0.0,0.0,0.0],[0.0,0.0,0.0,0.5992084797,0.4787480863,0.0,0.0,0.0,0.0,0.0,0.0,0.4549204874,0.3821784598,0.7436932918,0.7566478416,0.0,0.0,0.0,0.0,0.3120386629,0.3641351026,0.0,0.1862245685,0.0272561315,0.2661151363,0.3860707197,0.0,0.4849522181,0.0,0.3826500452,0.0,0.0,0.1524442664,0.0,0.156126588,1.0,0.1552311153,0.0565135585,0.0,0.1534168932,0.0,0.0,0.1956409743,0.156095054,0.0,0.2828149571,0.7554455023,0.0,0.0146653413,0.1531520835,0.1883317551,0.0,0.0,0.0,0.0,0.0,0.0,0.0,0.0,0.0,0.0,0.0,0.0,0.0,0.0,0.0,0.0,0.1063676421,0.0,0.0,0.0,0.0,0.0,0.0,0.0,0.0,0.0,0.0,0.0,0.0,0.0,0.0,0.0,0.0,0.0,0.0,0.0,0.0,0.0,0.0,0.0,0.0,0.0,0.0,0.0,0.0,0.0,0.0,0.0,0.0,0.0,0.0,0.0,0.0,0.0,0.0,0.0,0.0,0.0,0.0,0.0,0.0,0.0,0.0,0.0,0.0,0.0,0.0,0.0,0.0],[0.0017474294,0.0,0.0113919987,0.2370061712,0.009846437,0.0,0.0,0.0,0.0028784041,0.0000036473,0.0,0.0712726621,0.0585893467,0.0,0.0,0.0,0.0003843765,0.1393908278,0.0,0.0,0.0941732988,0.0,0.0736577893,0.0107806741,0.1060350316,0.0,0.0,0.0714229575,0.0,0.1182301853,0.0,0.0,0.1160132003,0.0,0.056929467,0.1552311153,1.0,0.0,0.0,0.1111973546,0.2370061712,0.2370061712,0.0773822798,0.0,0.1744793165,0.0,0.0,0.2710789476,0.0180037421,0.1160367849,0.6770920009,0.0,0.0,0.0312296725,0.0013609682,0.6386911762,0.3431749399,0.0,0.0,0.9281724462,0.0879308105,0.0872020191,0.0083202026,0.9058011795,0.9276986318,0.157750261,0.0879308105,0.6932222867,0.3193267347,0.3193267347,0.0588193171,0.4692231855,0.6933746008,0.7078173482,0.8627935272,0.0,0.0117395935,0.3423955254,0.3579703879,0.015991476,0.8009225734,0.8008415681,0.2673954439,0.1709254661,0.8009225734,0.6854362949,0.8009225734,0.8009225734,0.3208359425,0.0,0.0,0.0,0.8009225734,0.8009225734,0.0588193171,0.8009225734,0.8009225734,0.8009225734,0.8009225734,0.8009225734,0.8009225734,0.8009225734,0.5458531115,0.8009225734,0.8009225734,0.5742438549,0.8009225734,0.8710250396,0.5242334879,0.8009225734,0.8009225734,0.8009225734,0.8009225734,0.8538403169,0.5689330816,0.8627935272,0.8009225734,0.8009225734,0.0,0.3208359425],[0.0,0.0,0.0,0.0,0.4239840799,0.0,0.0,0.0,0.0,0.0,0.0,0.2578248002,0.0084609367,0.0,0.0,0.0,0.0,0.0,0.1873257068,0.0,0.3194941081,0.0,0.0,0.0,0.0,0.3738108653,0.0,0.2843455792,0.0,0.0000016406,0.0,0.0008265208,0.2067423058,0.0,0.2255175361,0.0565135585,0.0,1.0,0.0489186597,0.2216021309,0.0,0.0,0.2779889726,0.3620457986,0.6207706374,0.0,0.0,0.0,0.2248637745,0.1991597324,0.0175453154,0.0,0.0,0.0,0.0,0.0,0.0,0.0,0.0,0.0,0.0,0.0,0.0,0.0,0.0,0.0,0.0,0.0,0.0,0.0,0.0,0.0,0.0,0.1882564212,0.0,0.0,0.0,0.0,0.0,0.0,0.0,0.0,0.0,0.0,0.0,0.0,0.0,0.0,0.0,0.0,0.0,0.0,0.0,0.0,0.0,0.0,0.0,0.0,0.0,0.0,0.0,0.0,0.0,0.0,0.0,0.0,0.0,0.0,0.0,0.0,0.0,0.0,0.0,0.0,0.0,0.0,0.0,0.0,0.0,0.0],[0.0,0.0,0.0,0.0,0.0,0.0,0.0,0.0,0.0,0.0,0.0,0.0,0.0,0.0,0.0,0.0,0.0,0.0,0.0,0.0,0.0172888355,0.0,0.0,0.0,0.0,0.0,0.0,0.0,0.0,0.0,0.0,0.016895818,0.0111874793,0.0,0.0,0.0,0.0,0.0489186597,1.0,0.0,0.0,0.0,0.0,0.0,0.0,0.0,0.0,0.0,0.0,0.0,0.0,0.0,0.0,0.0,0.0,0.0,0.0,0.0,0.0,0.0,0.0,0.0,0.0,0.0,0.0,0.0,0.0,0.0,0.0,0.0,0.0,0.0,0.0,0.0,0.0,0.0,0.0,0.0,0.0,0.0,0.0,0.0,0.0,0.0,0.0,0.0,0.0,0.0,0.0,0.0,0.0,0.0,0.0,0.0,0.0,0.0,0.0,0.0,0.0,0.0,0.0,0.0,0.0,0.0,0.0,0.0,0.0,0.0,0.0,0.0,0.0,0.0,0.0,0.0,0.0,0.0,0.0,0.0,0.0,0.0],[0.0,0.0,0.0,0.2343167881,0.3204140596,0.3385102564,0.6521071301,0.3385097054,0.0,0.0,0.0,0.618431257,0.8542226816,0.0,0.0,0.0,0.0,0.1378091166,0.0,0.5918414181,0.4939375157,0.4700389317,0.7397834335,0.4628178404,0.5228101579,0.4426153484,0.0,0.666192847,0.0,0.881420531,0.0,0.6379306076,0.9882638473,0.0,0.9616643347,0.1534168932,0.1111973546,0.2216021309,0.0,1.0,0.2343167881,0.2343167881,0.7141532897,0.0610400102,0.3137632871,0.680958702,0.0,0.2295529996,0.8681755167,0.992946871,0.5170624684,0.6521071301,0.803853411,0.0,0.7071394193,0.546360429,0.0,0.0,0.6521071301,0.0,0.0,0.0,0.9105128964,0.0611503712,0.0,0.5787727454,0.0,0.6753273525,0.0,0.0,0.9441545319,0.0,0.6754760133,0.3599544335,0.0,0.4700389317,0.9088317642,0.0,0.0,0.4622003915,0.0,0.0,0.5863352444,0.8887579734,0.0,0.3960476921,0.0,0.0,0.0,0.0,0.6521071301,0.0,0.0,0.0,0.9441545319,0.0,0.0,0.0,0.0,0.0,0.0,0.0,0.6213676004,0.0,0.0,0.6790976669,0.0,0.0,0.6914774894,0.0,0.0,0.0,0.0,0.1409491995,0.5522372333,0.0,0.0,0.0,0.0,0.0],[0.0,0.0,0.0,0.0,0.0,0.0,0.0,0.0,0.0,0.0,0.0,0.0,0.0,0.0,0.0,0.0,0.0,0.5881316387,0.0,0.0,0.3596876025,0.0,0.0,0.0,0.0,0.0,0.0,0.0,0.0,0.2372350058,0.0,0.0,0.2327512228,0.0,0.0,0.0,0.2370061712,0.0,0.0,0.2343167881,1.0,1.0,0.0,0.0,0.729097257,0.0,0.0,0.0,0.0,0.2339137934,0.0,0.0,0.0,0.0,0.0,0.0,0.0,0.0,0.0,0.0,0.0,0.0,0.0,0.2609730683,0.0,0.0,0.0,0.0,0.0,0.0,0.2481763103,0.0,0.1775526559,0.0,0.0,0.0,0.0,0.0,0.0,0.0,0.0,0.0,0.0,0.2336150145,0.0,0.0,0.0,0.0,0.0,0.0,0.0,0.0,0.0,0.0,0.2481763103,0.0,0.0,0.0,0.0,0.0,0.0,0.0,0.0,0.0,0.0,0.1950828541,0.0,0.0,0.0,0.0,0.0,0.0,0.0,0.2527720685,0.0,0.0,0.0,0.0,0.0,0.0],[0.0,0.0,0.0,0.0,0.0,0.0,0.0,0.0,0.0,0.0,0.0,0.0,0.0,0.0,0.0,0.0,0.0,0.5881316387,0.0,0.0,0.3596876025,0.0,0.0,0.0,0.0,0.0,0.0,0.0,0.0,0.2372350058,0.0,0.0,0.2327512228,0.0,0.0,0.0,0.2370061712,0.0,0.0,0.2343167881,1.0,1.0,0.0,0.0,0.729097257,0.0,0.0,0.0,0.0,0.2339137934,0.0,0.0,0.0,0.0,0.0,0.0,0.0,0.0,0.0,0.0,0.0,0.0,0.0,0.2609730683,0.0,0.0,0.0,0.0,0.0,0.0,0.2481763103,0.0,0.1775526559,0.0,0.0,0.0,0.0,0.0,0.0,0.0,0.0,0.0,0.0,0.2336150145,0.0,0.0,0.0,0.0,0.0,0.0,0.0,0.0,0.0,0.0,0.2481763103,0.0,0.0,0.0,0.0,0.0,0.0,0.0,0.0,0.0,0.0,0.1950828541,0.0,0.0,0.0,0.0,0.0,0.0,0.0,0.2527720685,0.0,0.0,0.0,0.0,0.0,0.0],[0.0,0.0,0.0,0.3264990081,0.4279443367,0.4716830742,0.0,0.4716823063,0.0581459731,0.0,0.0600959176,0.1636780671,0.5697395415,0.0,0.0005965113,0.0,0.0,0.0,0.0,0.000245999,0.5750690491,0.6549562505,0.2414743568,0.6448943203,0.7288231313,0.6052054235,0.0,0.9156292805,0.0,0.5534282506,0.0,0.0,0.7125184735,0.002447625,0.7294090514,0.1956409743,0.0773822798,0.2779889726,0.0,0.7141532897,0.0,0.0,1.0,0.0,0.2009103536,0.2014111675,0.0019070222,0.3198611046,0.5387405789,0.7160774367,0.2450054231,0.0,0.3829739752,0.0,0.1489885736,0.2602984854,0.0,0.0,0.0,0.0,0.0,0.0,0.6237689389,0.0001968603,0.0,0.0,0.0,0.4921121261,0.0,0.0,0.6069776043,0.0,0.4342496895,0.5015635731,0.0,0.6549562505,0.6226172385,0.0,0.0,0.6440339617,0.0,0.0,0.123536108,0.5713642918,0.0,0.0,0.0,0.0,0.0,0.0,0.0,0.0,0.0,0.0,0.6069776043,0.0,0.0,0.0,0.0,0.0,0.0,0.0,0.3558222498,0.0,0.0,0.389242331,0.0,0.0,0.4737134219,0.0,0.0,0.0,0.0,0.1138699853,0.2379315338,0.0,0.0,0.0,0.0,0.0],[0.0,0.0,0.0,0.0,0.116785847,0.0,0.0,0.0,0.0,0.0,0.0,0.0710169766,0.0233697967,0.0,0.0,0.0,0.0,0.0,0.5174088679,0.0,0.0342548793,0.0,0.0,0.0,0.0,0.1356622526,0.0,0.078322609,0.0,0.0,0.0,0.0,0.0221660824,0.0,0.0621185033,0.156095054,0.0,0.3620457986,0.0,0.0610400102,0.0,0.0,0.0,1.0,0.0,0.0,0.0,0.0,0.0,0.0,0.0484615909,0.0,0.0,0.0,0.0,0.0,0.0,0.0,0.0,0.0,0.0,0.0,0.0,0.0,0.0,0.0,0.0,0.0,0.0,0.0,0.0,0.0,0.0,0.0,0.0,0.0,0.0,0.0,0.0,0.0,0.0,0.0,0.0,0.0,0.0,0.0,0.0,0.0,0.0,0.0,0.0,0.0,0.0,0.0,0.0,0.0,0.0,0.0,0.0,0.0,0.0,0.0,0.0,0.0,0.0,0.0,0.0,0.0,0.0,0.0,0.0,0.0,0.0,0.0,0.0,0.0,0.0,0.0,0.0,0.0],[0.0324601026,0.0,0.0350449737,0.0,0.2734487322,0.0,0.0,0.0,0.0,0.0,0.0,0.1682167096,0.0044299961,0.0,0.0,0.0,0.0,0.4288051645,0.0,0.0,0.4835818991,0.0,0.0,0.0,0.0023954242,0.232609088,0.0,0.1838952716,0.0,0.1773163351,0.0,0.0,0.3179731951,0.0,0.1471366838,0.0,0.1744793165,0.6207706374,0.0,0.3137632871,0.729097257,0.729097257,0.2009103536,0.0,1.0,0.0037416731,0.0042585265,0.0025318412,0.1644340762,0.3187069836,0.0010034142,0.0,0.0,0.0,0.0,0.0000552676,0.0,0.0,0.0,0.0,0.0,0.0,0.0,0.1902747482,0.0,0.0,0.0,0.0,0.0,0.0,0.1809446671,0.0,0.1294531544,0.1348655374,0.0,0.0,0.0,0.0,0.0,0.0,0.0,0.0,0.0,0.1703280662,0.0,0.0,0.0,0.0,0.0,0.0,0.0,0.0,0.0,0.0,0.1809446671,0.0,0.0,0.0,0.0,0.0,0.0,0.0,0.0,0.0,0.0,0.1422343738,0.0,0.0,0.0,0.0,0.0,0.0,0.0,0.1842954218,0.0,0.0,0.0,0.0,0.0,0.0],[0.0,0.0,0.0,0.0,0.4881485313,0.4270052893,0.8225842154,0.4270045942,0.0,0.0,0.0,0.7527589782,0.830219888,0.366843427,0.3732335498,0.0,0.0,0.0,0.0,0.9004836236,0.1697656781,0.0,0.7114672945,0.0,0.0,0.1799924178,0.0,0.3273775678,0.0,0.8026273314,0.0,0.804701596,0.6776034032,0.0,0.6929903067,0.2828149571,0.0,0.0,0.0,0.680958702,0.0,0.0,0.2014111675,0.0,0.0037416731,1.0,0.3726404689,0.2895638851,0.6059575386,0.6809879688,0.5136785513,0.8225842154,0.6673020536,0.0,0.7571269318,0.4535496538,0.0,0.0,0.8225842154,0.0,0.0,0.0,0.7411886661,0.0,0.0,0.7300783916,0.0,0.5158803075,0.0,0.0,0.7212364914,0.0,0.515993869,0.1363973011,0.0,0.0,0.7398201669,0.0,0.0,0.0,0.0,0.0,0.6277831394,0.6789192455,0.0,0.4995844472,0.0,0.0,0.0,0.0,0.8225842154,0.0,0.0,0.0,0.7212364914,0.0,0.0,0.0,0.0,0.0,0.0,0.0,0.4616898119,0.0,0.0,0.5669391774,0.0,0.0,0.5628863469,0.0,0.0,0.0,0.0,0.0,0.6108817374,0.0,0.0,0.0,0.0,0.0],[0.0,0.0,0.0,0.0,0.5652026799,0.0,0.0,0.0,0.0,0.0,0.0,0.3436973447,0.3093735284,0.9798994362,0.9969685104,0.0,0.0,0.0,0.0,0.4111459834,0.45347219,0.0,0.0000016673,0.0,0.0,0.4807915482,0.0,0.3790540517,0.0,0.2990914251,0.0,0.0,0.0013594582,0.0,0.0,0.7554455023,0.0,0.0,0.0,0.0,0.0,0.0,0.0019070222,0.0,0.0042585265,0.3726404689,1.0,0.0,0.0,0.0013662486,0.2356237382,0.0,0.0,0.0,0.0,0.0,0.0,0.0,0.0,0.0,0.0,0.0,0.0,0.0,0.0,0.0,0.0,0.0,0.0,0.0,0.0,0.0,0.0,0.0,0.0,0.0,0.0,0.0,0.0,0.0,0.0,0.0,0.0,0.0,0.0,0.0,0.0,0.0,0.0,0.0,0.0,0.0,0.0,0.0,0.0,0.0,0.0,0.0,0.0,0.0,0.0,0.0,0.0,0.0,0.0,0.0,0.0,0.0,0.0,0.0,0.0,0.0,0.0,0.0,0.0,0.0,0.0,0.0,0.0,0.0],[0.0,0.0,0.0,0.0,0.4407530058,0.6781271622,0.0,0.6781260583,0.0,0.0,0.0,0.0009466774,0.2404016962,0.0,0.0,0.0,0.0,0.0,0.0,0.0,0.0,0.0,0.0,0.0,0.0,0.0,0.0,0.2945476217,0.0,0.2324118883,0.0,0.0,0.228827508,0.0,0.2344369438,0.0,0.2710789476,0.0,0.0,0.2295529996,0.0,0.0,0.3198611046,0.0,0.0025318412,0.2895638851,0.0,1.0,0.0241213225,0.22997048,0.1844121324,0.0,0.0,0.0618515361,0.0026954485,0.033198926,0.6820601294,0.0,0.0,0.2501141876,0.1741502635,0.1727068649,0.2663351544,0.2725290388,0.2499865091,0.3124303004,0.1741502635,0.3592785686,0.0,0.0,0.2431307501,0.4948342562,0.3599742212,0.4332251475,0.0,0.0,0.2726460614,0.6781271622,0.7089737607,0.0316717172,0.0,0.0,0.293700147,0.4577309867,0.0,0.0,0.0,0.0,0.0,0.0,0.0,0.0,0.0,0.0,0.2431307501,0.0,0.0,0.0,0.0,0.0,0.0,0.0,0.0,0.0,0.0,0.1911167129,0.0,0.2665588462,0.1897504929,0.0,0.0,0.0,0.0,0.0,0.2059298674,0.0,0.0,0.0,0.0,0.0],[0.0019472144,0.0004504612,0.0,0.0,0.1140356586,0.0,0.7350033818,0.0,0.0,0.0,0.0,0.6247142253,0.7638694435,0.0,0.0,0.0,0.0,0.0,0.0,0.6670766561,0.4705356574,0.5297905642,0.7517460054,0.5336647608,0.4719796998,0.4895473897,0.0,0.4982079108,0.0,0.7442878475,0.0,0.7190247312,0.8691625836,0.0,0.8833935807,0.0146653413,0.0180037421,0.2248637745,0.0,0.8681755167,0.0,0.0,0.5387405789,0.0,0.1644340762,0.6059575386,0.0,0.0241213225,1.0,0.8735271863,0.5783522411,0.7350033818,0.9060397415,0.0,0.7970314087,0.6261159114,0.0,0.0126944552,0.7350033818,0.0,0.0,0.0,0.8856783277,0.0,0.0,0.6523466859,0.0,0.6164476454,0.0,0.0,0.861836613,0.0,0.616583345,0.2838370262,0.0,0.5297905642,0.8971248397,0.0,0.0340171662,0.520955584,0.0,0.0,0.674962518,0.8112699094,0.0,0.4463935136,0.0,0.0,0.0,0.0,0.7350033818,0.0,0.0,0.0,0.861836613,0.0,0.0,0.0,0.0,0.0,0.0,0.0,0.7003562246,0.0,0.0,0.6063729252,0.0,0.0,0.6726171907,0.0,0.0,0.0,0.0,0.0921088145,0.506573456,0.0,0.0,0.0,0.0,0.0],[0.0017246295,0.0,0.0,0.2339137934,0.3198629886,0.3379280623,0.6509855897,0.3379275122,0.0416575389,0.0,0.0430545383,0.6175447308,0.8537501478,0.0,0.0,0.0,0.0,0.1375721026,0.0,0.5908235269,0.5037353136,0.4692305252,0.7385111011,0.4726618647,0.5219109917,0.4335875236,0.0,0.6583672287,0.0,0.8878906191,0.0,0.636833449,0.9949959811,0.0,0.9569077231,0.1531520835,0.1160367849,0.1991597324,0.0,0.992946871,0.2339137934,0.2339137934,0.7160774367,0.0,0.3187069836,0.6809879688,0.0013662486,0.22997048,0.8735271863,1.0,0.5124625318,0.6509855897,0.8024708865,0.0,0.7059232304,0.5454384907,0.0,0.0,0.6509855897,0.0,0.0,0.0,0.9089469313,0.0610452004,0.0,0.5777773307,0.0,0.6741658763,0.0,0.0,0.9425307075,0.0,0.6743142814,0.3593353581,0.0,0.4692305252,0.9072686904,0.0,0.0,0.4614054662,0.0,0.0,0.5853268231,0.887229424,0.0,0.395366541,0.0,0.0,0.0,0.0,0.6509855897,0.0,0.0,0.0,0.9425307075,0.0,0.0,0.0,0.0,0.0,0.0,0.0,0.6202989281,0.0,0.0,0.6779297062,0.0,0.0,0.690288237,0.0,0.0,0.0,0.0,0.1407294075,0.5512874562,0.0,0.0,0.0,0.0,0.0],[0.0,0.0003173,0.0,0.0,0.1415214069,0.0,0.5177284357,0.0,0.0,0.0,0.0,0.478597901,0.6101645126,0.2308885462,0.2349104423,0.0,0.0,0.0,0.0,0.5667577485,0.3761098561,0.3731787457,0.4477922656,0.3674456933,0.3326482757,0.4053412448,0.0,0.3195707071,0.0,0.589885549,0.0,0.506473247,0.5099155513,0.0,0.5261982519,0.1883317551,0.6770920009,0.0175453154,0.0,0.5170624684,0.0,0.0,0.2450054231,0.0484615909,0.0010034142,0.5136785513,0.2356237382,0.1844121324,0.5783522411,0.5124625318,1.0,0.5177284357,0.6382045984,0.024512875,0.4775983591,0.9253797184,0.2703126839,0.008941837,0.5177284357,0.7285435089,0.0,0.0,0.5583991951,0.6558827354,0.7281716013,0.5833276943,0.0,0.8952126218,0.2506467637,0.2506467637,0.543367559,0.3683038723,0.8956540417,0.7211021772,0.6772261193,0.3731787457,0.5573681906,0.2687539784,0.257064833,0.3669554811,0.6286622108,0.6285986279,0.5980653183,0.6021899579,0.6286622108,0.8524